I
1100 Generated by WorldEditor 2.4.0r2

1     20 0 0 NCAI Aitutaki
1302 city Aitutaki
1302 country Cook Islands
1302 datum_lat -18.830055556
1302 datum_lon -159.764883333
1302 faa_code 
1302 gui_label 2D
1302 iata_code AIT
1302 icao_code NCAI
1302 region_code NC
1302 state (unassigned)
1302 transition_alt 13000
1302 transition_level 13000
100 31.09 1 0 1.00 0 1 0  14 -18.82966591 -159.76481152 0 0 2 0 0 0 32 -18.84448929 -159.75724009 0 0 2 0 0 0
110 1 0.25 97.0 asphalt_1D.pol
111 -18.82872529 -159.77549583
112 -18.82855599 -159.77537367 -18.82847753 -159.77532131
111 -18.82844036 -159.77515116
112 -18.83090452 -159.76578676 -18.83095114 -159.76563653
111 -18.83100708 -159.76554787
112 -18.83150753 -159.76486516 -18.83162696 -159.76470437
111 -18.83187643 -159.76456828
111 -18.84459062 -159.75805451
111 -18.84489234 -159.75792252
111 -18.84502208 -159.75788676
112 -18.84634027 -159.75740855 -18.84644901 -159.75737638
111 -18.84658494 -159.75746945
111 -18.84663713 -159.75744762
112 -18.84656830 -159.75738865 -18.84651333 -159.75734641
111 -18.84629349 -159.75738337
112 -18.84536999 -159.75768613 -18.84523009 -159.75772308
111 -18.84463550 -159.75796066
112 -18.83186352 -159.76451052 -18.83166832 -159.76461365
111 -18.83140376 -159.76490781
112 -18.83096682 -159.76551555 -18.83091088 -159.76559436
111 -18.83086060 -159.76575110
111 -18.83028533 -159.76779596
111 -18.83024337 -159.76802253
111 -18.82829195 -159.77549197
111 -18.82832798 -159.77557929
112 -18.82837671 -159.77544048 -18.82840426 -159.77541361
112 -18.82851445 -159.77541361 -18.82853988 -159.77541809
113 -18.82869245 -159.77553227
110 2 0.25 97.0 concrete_1D.pol
111 -18.82917602 -159.76683240
112 -18.82909444 -159.76677822 -18.82907346 -159.76671911
111 -18.82896158 -159.76647777
112 -18.82869119 -159.76631277 -18.82850238 -159.76637187
112 -18.82833689 -159.76652456 -18.82830192 -159.76655904
112 -18.82795457 -159.76685753 -18.82783706 -159.76689823
111 -18.82741095 -159.76702642
112 -18.82708526 -159.76725247 -18.82696116 -159.76740742
112 -18.82653177 -159.76803536 -18.82640203 -159.76829759
111 -18.82578491 -159.76982018
111 -18.82578862 -159.76993397
111 -18.82654965 -159.76806988
112 -18.82672711 -159.76775980 -18.82678172 -159.76770572
112 -18.82716053 -159.76721536 -18.82721855 -159.76716488
112 -18.82742155 -159.76704436 -18.82754001 -159.76699668
112 -18.82787846 -159.76692218 -18.82791512 -159.76692516
112 -18.82821613 -159.76710629 -18.82833664 -159.76726341
112 -18.82855682 -159.76740213 -18.82865554 -159.76740809
112 -18.82887271 -159.76727102 -18.82890091 -159.76725314
111 -18.82901655 -159.76716374
111 -18.82892630 -159.76745577
112 -18.82889526 -159.76748258 -18.82887661 -159.76748504
111 -18.82882300 -159.76749243
111 -18.82883466 -159.76756138
111 -18.82889060 -159.76755153
112 -18.82887894 -159.76772146 -18.82889992 -159.76779534
112 -18.82908928 -159.76800250 -18.82919697 -159.76809461
112 -18.82932773 -159.76840885 -18.82931235 -159.76850637
111 -18.82753048 -159.77509167
112 -18.82742162 -159.77473472 -18.82735780 -159.77465539
111 -18.82716259 -159.77444915
111 -18.82714758 -159.77447692
112 -18.82737282 -159.77475058 -18.82739159 -159.77479421
112 -18.82745540 -159.77533757 -18.82737657 -159.77561917
111 -18.82709391 -159.77661073
112 -18.82721801 -159.77703357 -18.82745690 -159.77713518
112 -18.82761899 -159.77716369 -18.82762411 -159.77716369
112 -18.82794117 -159.77694676 -18.82801297 -159.77670567
111 -18.82832424 -159.77558041
111 -18.82829322 -159.77548804
111 -18.82790103 -159.77683777
112 -18.82767257 -159.77708808 -18.82749488 -159.77704636
111 -18.82721002 -159.77692419
112 -18.82716771 -159.77661727 -18.82723540 -159.77636994
111 -18.82952395 -159.76784005
112 -18.82963544 -159.76777897 -18.82975106 -159.76780514
111 -18.83009793 -159.76792730
112 -18.83020943 -159.76797093 -18.83023007 -159.76801020
111 -18.83024246 -159.76802328
111 -18.83028788 -159.76780078
112 -18.83018052 -159.76783132 -18.83012271 -159.76783132
111 -18.82968499 -159.76768298
112 -18.82960653 -159.76753028 -18.82963544 -159.76740813
111 -18.82965930 -159.76726914
111 -18.82961950 -159.76726409
112 -18.82954308 -159.76757191 -18.82953671 -159.76758537
111 -18.82934885 -159.76832716
112 -18.82921989 -159.76808494 -18.82913392 -159.76799579
112 -18.82891262 -159.76763751 -18.82895561 -159.76746426
111 -18.82907979 -159.76704374
113 -18.82911004 -159.76687049
111 -18.82901449 -159.76710725
112 -18.82860072 -159.76737517 -18.82851316 -159.76736003
112 -18.82837624 -159.76725910 -18.82830460 -159.76718509
112 -18.82812407 -159.76697706 -18.82807275 -159.76694647
111 -18.82792802 -159.76690060
112 -18.82824183 -159.76667277 -18.82840845 -159.76648457
111 -18.82860004 -159.76637000
112 -18.82893596 -159.76647428 -18.82903467 -159.76667781
114 -18.82907766 -159.76690153 -18.82905537 -159.76701759
110 2 1.00 37.9 New Taxiway 15
111 -18.82926528 -159.76617901
111 -18.82940556 -159.76629849
111 -18.82949146 -159.76618820
113 -18.82935227 -159.76607101
110 2 1.00 37.0 New Taxiway 18
111 -18.82970024 -159.76612239
111 -18.82978621 -159.76601137
111 -18.82970661 -159.76594409
113 -18.82962382 -159.76606688
110 1 1.00 128.9 New Taxiway 1
111 -18.82990310 -159.76468891
111 -18.82974698 -159.76493083 53 102
112 -18.82981003 -159.76503075 -18.82986782 -159.76511586 53 102
111 -18.82979456 -159.76523218 53 102
111 -18.82908033 -159.76616956 53 102
111 -18.82941307 -159.76643415
111 -18.82939555 -159.76659512
111 -18.82937979 -159.76659698
111 -18.82933776 -159.76683566
112 -18.82918015 -159.76683381 -18.82914687 -159.76683196
111 -18.82911010 -159.76686897
111 -18.82908033 -159.76704474
112 -18.82915563 -159.76706880 -18.82918890 -159.76707990
112 -18.82956194 -159.76714895 -18.82961448 -159.76715820
111 -18.82961973 -159.76726366
111 -18.82966001 -159.76726922
112 -18.82968102 -159.76711379 -18.82969153 -159.76704163
112 -18.82955774 -159.76690887 -18.82951922 -159.76686612
111 -18.82941237 -159.76683870
111 -18.82942270 -159.76661171
111 -18.82945823 -159.76661400
111 -18.82947224 -159.76644747 53
111 -18.82980968 -159.76599138 53 102
112 -18.82968550 -159.76575421 -18.82967595 -159.76573907 53 102
112 -18.82966799 -159.76566506 -18.82966958 -159.76562805 53 102
111 -18.82968710 -159.76558432 53 102
112 -18.82994660 -159.76526136 -18.83008670 -159.76509147 53 102
113 -18.83016153 -159.76471132
111 -18.82940556 -159.76629849
111 -18.82926528 -159.76617901
111 -18.82935227 -159.76607101
113 -18.82949146 -159.76618820
111 -18.82970024 -159.76612239
111 -18.82962382 -159.76606688
111 -18.82970661 -159.76594409
113 -18.82978621 -159.76601137
110 1 1.00 154.2 New Taxiway 7
111 -18.84412603 -159.75757469
111 -18.84422590 -159.75758234
111 -18.84456457 -159.75740953
111 -18.84440681 -159.75706238
111 -18.84405367 -159.75723977
113 -18.84400590 -159.75732847
110 1 1.00 105.5 New Taxiway 6
111 -18.82770457 -159.77688342
111 -18.82774999 -159.77668186
112 -18.82771819 -159.77639392 -18.82777724 -159.77618276
111 -18.83014905 -159.76706862
112 -18.83038443 -159.76632694 -18.83045050 -159.76611316
111 -18.83076433 -159.76479121
112 -18.83069413 -159.76476940 -18.83065697 -159.76474758
111 -18.83061568 -159.76471268
111 -18.83006234 -159.76686793
112 -18.82992607 -159.76745692 -18.82991368 -159.76750491
111 -18.82762556 -159.77606043
112 -18.82743319 -159.77652498 -18.82737273 -159.77655401
111 -18.82734525 -159.77658885
113 -18.82732876 -159.77676306
110 3 1.00 154.2 New Taxiway 16
112 -18.82631493 -159.76884037 -18.82634491 -159.76877702
112 -18.82643485 -159.76838638 -18.82649481 -159.76827552
112 -18.82689511 -159.76818532 -18.82711276 -159.76814061
112 -18.82743319 -159.76806396 -18.82759643 -159.76804480
112 -18.82839605 -159.76770092 -18.82849099 -159.76765868
112 -18.82880077 -159.76797015 -18.82890071 -159.76803349
112 -18.82914872 -159.76810454 -18.82930769 -159.76808557
111 -18.82934615 -159.76837002
112 -18.82796782 -159.77352375 -18.82795420 -159.77358134
112 -18.82780884 -159.77381170 -18.82774525 -159.77393167
112 -18.82744091 -159.77414283 -18.82731373 -159.77419562
112 -18.82739549 -159.77443078 -18.82745908 -159.77457475
112 -18.82739095 -159.77501147 -18.82740458 -159.77516984
112 -18.82703665 -159.77525622 -18.82691855 -159.77529942
112 -18.82722288 -159.77555857 -18.82728647 -159.77567374
112 -18.82698668 -159.77656158 -18.82684587 -159.77701269
112 -18.82733190 -159.77719026 -18.82748634 -159.77728144
112 -18.82784518 -159.77718546 -18.82792240 -159.77713267
112 -18.82812226 -159.77669115 -18.82817223 -159.77655678
112 -18.82841751 -159.77628323 -18.82849928 -159.77610086
111 -18.82829834 -159.77573671
111 -18.82845938 -159.77514337
112 -18.83097212 -159.76578383 -18.83105673 -159.76549125
112 -18.83142851 -159.76504968 -18.83154389 -159.76489527
111 -18.83186753 -159.76454719
111 -18.84461837 -159.75801067
112 -18.84625351 -159.75746815 -18.84635244 -159.75743330
111 -18.84682357 -159.75723000
111 -18.84668101 -159.75647688
112 -18.84511287 -159.75638651 -18.84459967 -159.75635638
111 -18.84348771 -159.75686850
112 -18.83114360 -159.76327028 -18.83081255 -159.76343488
112 -18.82849794 -159.76538458 -18.82843749 -159.76549317
112 -18.82770594 -159.76611914 -18.82739156 -159.76629799
112 -18.82609209 -159.76747785 -18.82583926 -159.76768109
112 -18.82529514 -159.76840113 -18.82521269 -159.76854630
112 -18.82498735 -159.76865083 -18.82490491 -159.76863921
112 -18.82490491 -159.76891213 -18.82494888 -159.76897601
112 -18.82494338 -159.76941733 -18.82500384 -159.76955088
113 -18.82514124 -159.76952185
130 Airport Boundary 23
111 -18.82746545 -159.77730779
111 -18.82772704 -159.77731347
111 -18.82798390 -159.77718596
111 -18.82815868 -159.77668019
111 -18.82838395 -159.77642585
111 -18.82849995 -159.77612685
111 -18.82834381 -159.77572473
111 -18.83103513 -159.76571650
111 -18.83146096 -159.76507948
111 -18.83186558 -159.76462763
111 -18.84447224 -159.75813564
111 -18.84779104 -159.75691032
111 -18.84784411 -159.75647957
111 -18.84630746 -159.75633639
111 -18.84506660 -159.75594191
111 -18.84325544 -159.75663027
111 -18.84001576 -159.75801033
111 -18.83670038 -159.75963791
111 -18.83098057 -159.76314181
111 -18.82616456 -159.76694573
111 -18.82471654 -159.76856155
111 -18.82458591 -159.76995787
111 -18.82887932 -159.76817337
111 -18.82928461 -159.76840747
111 -18.82792140 -159.77347763
111 -18.82770226 -159.77387103
111 -18.82731373 -159.77419562
111 -18.82726359 -159.77504562
111 -18.82697871 -159.77517948
111 -18.82693296 -159.77533729
111 -18.82712470 -159.77571702
113 -18.82677591 -159.77693581
120 Linear Feature 12
111 -18.82942138 -159.76573653 54
115 -18.82968012 -159.76575377
120 Linear Feature 11
111 -18.83025743 -159.76453022 1
111 -18.83008389 -159.76462610 1
112 -18.83000429 -159.76479935 -18.82999633 -159.76489859 1
112 -18.82990399 -159.76519767 -18.82982693 -159.76530147 1
115 -18.82950996 -159.76572176
120 Linear Feature 8
111 -18.84406926 -159.75746087 1
112 -18.84424510 -159.75745328 -18.84429653 -159.75745455 1
112 -18.84440418 -159.75727381 -18.84432883 -159.75710951 1
112 -18.84416854 -159.75729909 -18.84413864 -159.75734333 1
115 -18.84406448 -159.75744570
120 Linear Feature 5
111 -18.82840446 -159.77520078 22
111 -18.83029152 -159.76796525 22
111 -18.83086845 -159.76581831 22
112 -18.83107373 -159.76541780 -18.83123690 -159.76519391 22
111 -18.83140799 -159.76494706 22
112 -18.83165096 -159.76469429 -18.83172599 -159.76463799 22
112 -18.83187523 -159.76454075 -18.83196192 -159.76449394 22
111 -18.84460595 -159.75802306 22
111 -18.84491779 -159.75788543 22
111 -18.84516841 -159.75779794 22
115 -18.84629216 -159.75740349
120 Linear Feature 10
111 -18.83007275 -159.76459918 1
112 -18.82994061 -159.76463114 -18.82989444 -159.76462778 1
112 -18.82973364 -159.76478253 -18.82979255 -159.76492887 1
112 -18.82992469 -159.76490700 -18.82996767 -159.76488177 1
116 -18.83000429 -159.76479935 -18.83000429 -159.76479262
14 -18.82932298 -159.76645144 7 0 Aitutaki
15 -18.82938549 -159.76619259 34.9 New Ramp Start 1
18 -18.83665095 -159.76009489 1 Aitutaki
19 -18.82992453 -159.76574843 1 New Windsock 6
51 11810 CTAF

1     15 0 0 NCAT Enua
1302 city Atiu Island
1302 country Cook Islands
1302 datum_lat -19.966816667
1302 datum_lon -158.125202778
1302 faa_code 
1302 gui_label 2D
1302 iata_code AIU
1302 icao_code NCAT
1302 region_code NC
1302 state (unassigned)
1302 transition_alt 13000
1302 transition_level 13000
100 32.92 5 0 1.00 0 0 0  09 -19.96671057 -158.12575033 0 0 0 0 0 0 27 -19.96895566 -158.11298648 0 0 0 0 0 0
110 5 1.00 100.6 New Taxiway 1
111 -19.96804166 -158.11760007
112 -19.96771724 -158.11865854 -19.96769561 -158.11881962
112 -19.96717655 -158.12155786 -19.96709003 -158.12204108
112 -19.96677638 -158.12378660 -19.96674394 -158.12416627
112 -19.96659254 -158.12529378 -19.96659254 -158.12539733
112 -19.96667905 -158.12578850 -19.96688452 -158.12592656
111 -19.96710079 -158.12585753
112 -19.96727382 -158.12566194 -19.96726300 -158.12539733
112 -19.96713324 -158.12441938 -19.96712242 -158.12416627
113 -19.96714405 -158.12379810
14 -19.96724412 -158.12540178 7 0 Enua
15 -19.96711413 -158.12554873 81.7 New Ramp Start 2
19 -19.96656978 -158.12465839 0 New Windsock 4

1     40 0 0 NCMG Manihiki Island
1302 city Mangaia Island
1302 country Cook Islands
1302 datum_lat -21.892241667
1302 datum_lon -157.909575
1302 faa_code 
1302 gui_label 2D
1302 iata_code MGS
1302 icao_code NCMG
1302 region_code NC
1302 state (unassigned)
1302 transition_alt 13000
1302 transition_level 13000
100 49.99 5 0 1.00 0 0 0  13 -21.89198400 -157.90947671 0 0 0 0 0 0 31 -21.89980189 -157.90355504 0 0 0 0 0 0
110 5 1.00 144.9 New Taxiway 2
111 -21.89356326 -157.90845360
111 -21.89381922 -157.90881692
111 -21.89386916 -157.90897167
112 -21.89315121 -157.90969159 -21.89307630 -157.90975888
112 -21.89240076 -157.91069742 -21.89223220 -157.91111457
112 -21.89218850 -157.91201615 -21.89222596 -157.91221800
112 -21.89223417 -157.91258625 -21.89220920 -157.91270063
111 -21.89216550 -157.91295630
112 -21.89222793 -157.91290248 -21.89225290 -157.91276791
112 -21.89229036 -157.91231712 -21.89225290 -157.91213546
112 -21.89230909 -157.91131462 -21.89237152 -157.91091766
112 -21.89268992 -157.91032557 -21.89288345 -157.91009681
111 -21.89389574 -157.90902047
112 -21.89442639 -157.90842165 -21.89458871 -157.90819289
112 -21.89506709 -157.90768024 -21.89522486 -157.90753778
112 -21.89625598 -157.90669567 -21.89651396 -157.90651773
111 -21.89854178 -157.90496651
112 -21.89970442 -157.90423860 -21.89996549 -157.90407956
111 -21.90065223 -157.90370644
112 -21.90065223 -157.90364527 -21.90059547 -157.90365750
112 -21.90032872 -157.90376149 -21.90026062 -157.90381042
111 -21.89933551 -157.90438540
112 -21.89822269 -157.90511074 -21.89788967 -157.90537867
111 -21.89598437 -157.90684275
112 -21.89490060 -157.90776300 -21.89473856 -157.90793763
111 -21.89438891 -157.90838339
112 -21.89426099 -157.90847990 -21.89423540 -157.90846152
111 -21.89405205 -157.90834204
111 -21.89420982 -157.90803873
113 -21.89376677 -157.90820999
14 -21.89432187 -157.90816929 7 0 Manihiki Island
15 -21.89376562 -157.90856895 135.0 New Ramp Start 6
19 -21.89349092 -157.90883539 0 New Windsock 7

1     15 0 0 NCMN MANUAE
1302 city Manuae
1302 country Cook Islands
1302 datum_lat 
1302 datum_lon 
1302 faa_code 
1302 gui_label 2D
1302 iata_code 
1302 icao_code NCMN
1302 region_code 
1302 state (unassigned)
1302 transition_alt 
1302 transition_level 
100 29.87 3 0 0.00 0 0 0  18 -19.26329400 -158.95924400 0 0 0 0 0 0 36 -19.27085100 -158.95928000 0 0 0 0 0 0
130 Airport Boundary
111 -19.26291074 -158.95942544
111 -19.26620439 -158.95945598
111 -19.26760978 -158.95967739
111 -19.26954849 -158.95970793
111 -19.27003857 -158.95950179
111 -19.27102595 -158.95953996
111 -19.27208539 -158.95955523
111 -19.27211422 -158.95912769
111 -19.27082415 -158.95900553
111 -19.26913048 -158.95896736
111 -19.26807103 -158.95900554
111 -19.26699717 -158.95874597
111 -19.26569268 -158.95856275
111 -19.26442423 -158.95863909
111 -19.26401343 -158.95900555
113 -19.26301884 -158.95903609
19 -19.26302700 -158.95881559 1 WS
19 -19.27111800 -158.95970843 1 WS

1     15 0 0 NCMK Mauke
1302 city Mauke Island
1302 country Cook Islands
1302 datum_lat -20.135958333
1302 datum_lon -157.346361111
1302 faa_code 
1302 gui_label 2D
1302 iata_code MUK
1302 icao_code NCMK
1302 region_code NC
1302 state (unassigned)
1302 transition_alt 13000
1302 transition_level 13000
100 53.04 5 0 1.00 0 0 0  11 -20.13370787 -157.35199951 0 0 0 0 0 0 29 -20.13897443 -157.33878452 0 0 0 0 0 0
110 5 1.00 113.0 New Taxiway 5
111 -20.13696457 -157.34426599
112 -20.13717987 -157.34418305 -20.13721652 -157.34418305
112 -20.13736310 -157.34416841 -20.13738600 -157.34409523
112 -20.13738142 -157.34394398 -20.13730355 -157.34388055
113 -20.13717071 -157.34374882
110 5 1.00 97.0 New Taxiway 4
111 -20.13479525 -157.35396601
111 -20.13415254 -157.35289166
112 -20.13419717 -157.35191238 -20.13443819 -157.35132291
111 -20.13660804 -157.34595558
112 -20.13713786 -157.34531268 -20.13750673 -157.34508410
112 -20.13793596 -157.34437692 -20.13816399 -157.34377688
112 -20.13798291 -157.34291969 -20.13794937 -157.34264825
112 -20.13802315 -157.34242681 -20.13803656 -157.34236966
111 -20.14069298 -157.33582216
112 -20.14089829 -157.33541333 -20.14091614 -157.33537529
112 -20.14146067 -157.33520415 -20.14188914 -157.33527071
111 -20.14219265 -157.33523268
111 -20.14219265 -157.33518514
112 -20.14179988 -157.33519465 -20.14171954 -157.33518514
112 -20.14125535 -157.33509006 -20.14122857 -157.33506154
112 -20.14122857 -157.33488089 -20.14128213 -157.33479532
112 -20.14128213 -157.33473827 -20.14123750 -157.33478581
112 -20.14116609 -157.33501400 -20.14117501 -157.33504252
111 -20.14119287 -157.33512809
112 -20.14091614 -157.33528972 -20.14073761 -157.33550840
111 -20.14059771 -157.33594264
111 -20.13982564 -157.33769688
111 -20.13795772 -157.34249082
112 -20.13790230 -157.34295774 -20.13792245 -157.34317778
112 -20.13781321 -157.34454370 -20.13751088 -157.34510478
112 -20.13693639 -157.34539139 -20.13679632 -157.34548817
112 -20.13641804 -157.34623482 -20.13622648 -157.34674046
111 -20.13408669 -157.35207396
112 -20.13412670 -157.35302931 -20.13437794 -157.35342886
113 -20.13478065 -157.35402483
110 3 1.00 113.0 New Taxiway 3
112 -20.13682246 -157.34593758 -20.13701223 -157.34561756
112 -20.13778711 -157.34470804 -20.13799270 -157.34443855
112 -20.13799270 -157.34346165 -20.13797688 -157.34331006
111 -20.13788200 -157.34263634
112 -20.14058620 -157.33578119 -20.14061782 -157.33559592
112 -20.14139271 -157.33308630 -20.14136108 -157.33246310
112 -20.14090248 -157.33372633 -20.14076015 -157.33424847
111 -20.13976387 -157.33621911
111 -20.13313123 -157.35275825
111 -20.13409837 -157.35309233
112 -20.13400688 -157.35273041 -20.13390232 -157.35239634
113 -20.13405916 -157.35207619
14 -20.13732187 -157.34472949 7 0 Mauke
15 -20.13728981 -157.34402692 296.4 New Ramp Start 9
19 -20.13655231 -157.34378785 0 New Windsock 11

1     23 0 0 NCMR Mitiaro/Nukuroa
1302 city Mitiaro Island
1302 country Cook Islands
1302 datum_lat -19.841152778
1302 datum_lon -157.710347222
1302 faa_code 
1302 gui_label 2D
1302 iata_code MOI
1302 icao_code NCMR
1302 region_code NC
1302 state (unassigned)
1302 transition_alt 13000
1302 transition_level 15000
100 42.06 5 0 1.00 0 0 0  09 -19.84102593 -157.70875822 0 179 0 0 0 0 27 -19.84422594 -157.69775465 0 140 0 0 0 0
110 2 0.00 0.0 Terminal Building
111 -19.84166130 -157.71120738
111 -19.84174448 -157.71120937
111 -19.84174794 -157.71104609
113 -19.84166475 -157.71104410
110 1 0.00 0.0 Asphalt Pad
111 -19.84154429 -157.71140441
111 -19.84162786 -157.71140613
111 -19.84162964 -157.71130826
113 -19.84154607 -157.71130654
110 5 1.00 107.1 Gravel Apron
111 -19.84037439 -157.71033364
112 -19.84105872 -157.71096140 -19.84110788 -157.71100786
112 -19.84125536 -157.71108335 -19.84127721 -157.71108916
111 -19.84132091 -157.71149564
111 -19.84161206 -157.71147891
112 -19.84170636 -157.71110074 -19.84167031 -157.71096660
112 -19.84153211 -157.71083885 -19.84151409 -157.71074303
111 -19.84143598 -157.70818798
111 -19.84154413 -157.70820075
111 -19.84181881 -157.70703883
113 -19.84171667 -157.70698134
111 -19.84096347 -157.71035563
111 -19.84107337 -157.70910585
111 -19.84119286 -157.70876408
113 -19.84108364 -157.71034982
110 4 0.00 0.0 Dirt Road
111 -19.84180985 -157.71434331
112 -19.84172656 -157.71398017 -19.84169642 -157.71379288
112 -19.84171033 -157.71350700 -19.84171265 -157.71349961
112 -19.84177756 -157.71347743 -19.84179611 -157.71348235
112 -19.84187029 -157.71351439 -19.84191201 -157.71352672
112 -19.84197229 -157.71351439 -19.84199547 -157.71351439
112 -19.84206733 -157.71350700 -19.84207660 -157.71349961
111 -19.84206501 -157.71331724
112 -19.84198388 -157.71331477 -19.84196533 -157.71329998
112 -19.84185638 -157.71327534 -19.84181233 -157.71326055
112 -19.84177292 -157.71329506 -19.84174047 -157.71330984
111 -19.84171961 -157.71332709
112 -19.84170360 -157.71169639 -19.84170360 -157.71149924
112 -19.84177585 -157.71113704 -19.84179903 -157.71100150
112 -19.84170051 -157.71083309 -19.84165608 -157.71070782
112 -19.84159302 -157.71038365 -19.84158659 -157.71026213
111 -19.84158672 -157.71009083
111 -19.84162381 -157.71007851
112 -19.84164699 -157.70999225 -19.84164699 -157.70994789
112 -19.84169799 -157.70969898 -19.84171190 -157.70965462
112 -19.84170726 -157.70941557 -19.84170726 -157.70937614
112 -19.84165626 -157.70931946 -19.84162845 -157.70932192
112 -19.84160990 -157.70936135 -19.84159831 -157.70935149
112 -19.84160472 -157.70910880 -19.84161631 -157.70908908
112 -19.84172295 -157.70903733 -19.84177395 -157.70902501
111 -19.84191767 -157.70904719
111 -19.84192463 -157.70900036
112 -19.84177627 -157.70898065 -19.84166499 -157.70896093
111 -19.84162327 -157.70886975
112 -19.84161167 -157.70842861 -19.84161167 -157.70829060
112 -19.84177449 -157.70763651 -19.84190468 -157.70718936
112 -19.84289624 -157.70364564 -19.84307316 -157.70290038
112 -19.84404945 -157.69977073 -19.84417964 -157.69936261
112 -19.84498490 -157.69670003 -19.84506280 -157.69637176
112 -19.84492649 -157.69604053 -19.84488476 -157.69589562
112 -19.84485972 -157.69555552 -19.84485972 -157.69543131
112 -19.84493723 -157.69522912 -19.84495654 -157.69515313
112 -19.84504651 -157.69455371 -19.84506737 -157.69439106
111 -19.84525746 -157.69330913
111 -19.84523196 -157.69331406
112 -19.84515546 -157.69366156 -19.84512764 -157.69379464
112 -19.84500015 -157.69457590 -19.84497696 -157.69470898
111 -19.84494399 -157.69468477
111 -19.84489670 -157.69464041
111 -19.84486332 -157.69470548
112 -19.84494677 -157.69481490 -19.84498571 -157.69489179
112 -19.84488001 -157.69520823 -19.84480490 -157.69544778
112 -19.84439618 -157.69613072 -19.84426636 -157.69632788
112 -19.84412631 -157.69689224 -19.84408625 -157.69704839
111 -19.84352471 -157.69882475
112 -19.84325765 -157.69976874 -19.84319757 -157.69998522
112 -19.84286386 -157.70102157 -19.84283836 -157.70111275
112 -19.84281054 -157.70116943 -19.84279200 -157.70119654
112 -19.84266450 -157.70108564 -19.84259495 -157.70103635
111 -19.84247209 -157.70104375
111 -19.84247441 -157.70108071
112 -19.84254627 -157.70109057 -19.84260654 -157.70109550
112 -19.84274332 -157.70122365 -19.84278272 -157.70128280
111 -19.84275954 -157.70140109
112 -19.84230992 -157.70292265 -19.84220978 -157.70325979
112 -19.84126606 -157.70642742 -19.84113810 -157.70691538
112 -19.84029362 -157.70974573 -19.84010668 -157.71033128
112 -19.84049800 -157.71070338 -19.84060464 -157.71080688
112 -19.84103118 -157.71134413 -19.84113550 -157.71150432
112 -19.84131398 -157.71244321 -19.84136227 -157.71276359
112 -19.84133871 -157.71343658 -19.84133066 -157.71377886
112 -19.84156017 -157.71405776 -19.84163667 -157.71417112
113 -19.84173403 -157.71434856
111 -19.84173435 -157.71425769
112 -19.84143975 -157.71378191 -19.84139306 -157.71365698
112 -19.84138340 -157.71333351 -19.84137857 -157.71319147
112 -19.84137624 -157.71261653 -19.84133451 -157.71229122
112 -19.84124712 -157.71184523 -19.84121234 -157.71171995
112 -19.84101258 -157.71123219 -19.84087117 -157.71102272
112 -19.84050258 -157.71062101 -19.84040754 -157.71052736
112 -19.84027540 -157.71010594 -19.84029395 -157.70989893
112 -19.84051114 -157.70921677 -19.84055751 -157.70902454
112 -19.84123153 -157.70679387 -19.84142181 -157.70615509
112 -19.84247331 -157.70258397 -19.84266025 -157.70198066
112 -19.84336536 -157.69956255 -19.84346551 -157.69923463
112 -19.84397554 -157.69762457 -19.84413967 -157.69712773
112 -19.84427320 -157.69655399 -19.84432327 -157.69643274
112 -19.84448183 -157.69606307 -19.84457919 -157.69590633
112 -19.84479792 -157.69548929 -19.84483462 -157.69538044
111 -19.84486167 -157.69532293
112 -19.84487712 -157.69537017 -19.84484428 -157.69545437
112 -19.84482496 -157.69576244 -19.84485394 -157.69597192
112 -19.84498530 -157.69637446 -19.84498144 -157.69640937
112 -19.84490996 -157.69647714 -19.84490610 -157.69648125
111 -19.84492542 -157.69661475
111 -19.84497178 -157.69658394
112 -19.84458906 -157.69782454 -19.84443524 -157.69825891
112 -19.84394553 -157.69991458 -19.84384539 -157.70026237
112 -19.84285390 -157.70361328 -19.84275709 -157.70400010
112 -19.84189113 -157.70707470 -19.84175493 -157.70753037
112 -19.84157919 -157.70836615 -19.84157919 -157.70867963
111 -19.84155141 -157.71027449
111 -19.84149169 -157.71008619
111 -19.84148397 -157.71028540
111 -19.84152453 -157.71032236
112 -19.84157283 -157.71049077 -19.84158828 -157.71059140
112 -19.84167920 -157.71088918 -19.84171945 -157.71099700
111 -19.84172750 -157.71103294
111 -19.84164057 -157.71103123
111 -19.84161320 -157.71147853
112 -19.84168482 -157.71148401 -19.84164296 -157.71160724
112 -19.84164670 -157.71197723 -19.84165597 -157.71218425
114 -19.84165353 -157.71381472 -19.84167300 -157.71406313
130 Airport Boundary
111 -19.84091919 -157.71463415
111 -19.84101133 -157.71459157
111 -19.84123165 -157.71454046
111 -19.84143594 -157.71463841
111 -19.84150404 -157.71450214
111 -19.84141591 -157.71422533
111 -19.84151606 -157.71413164
111 -19.84160819 -157.71417423
111 -19.84170032 -157.71432754
111 -19.84182050 -157.71430624
111 -19.84176842 -157.71404647
111 -19.84172836 -157.71370153
111 -19.84176442 -157.71351415
111 -19.84210090 -157.71353970
111 -19.84211693 -157.71326290
111 -19.84176442 -157.71323309
111 -19.84173637 -157.71270503
111 -19.84172035 -157.71201940
111 -19.84173237 -157.71162336
111 -19.84178444 -157.71136784
111 -19.84183251 -157.71110807
111 -19.84178444 -157.71094625
111 -19.84168873 -157.71063927
111 -19.84164867 -157.71006437
111 -19.84171677 -157.70979608
111 -19.84175683 -157.70957463
111 -19.84172077 -157.70928079
111 -19.84165267 -157.70915729
111 -19.84164466 -157.70880383
111 -19.84166870 -157.70838224
111 -19.84181576 -157.70765863
111 -19.84203688 -157.70709139
111 -19.84221474 -157.70670301
111 -19.84227243 -157.70638617
111 -19.84233972 -157.70598757
111 -19.84252719 -157.70524147
111 -19.84290076 -157.70374157
111 -19.84343722 -157.70239245
111 -19.84378909 -157.70125796
111 -19.84421594 -157.69953477
111 -19.84490484 -157.69769052
111 -19.84541984 -157.69633944
111 -19.84563580 -157.69471461
111 -19.84566903 -157.69356663
111 -19.84556935 -157.69333703
111 -19.84540322 -157.69328405
111 -19.84527863 -157.69328405
111 -19.84517895 -157.69347832
111 -19.84502943 -157.69404348
111 -19.84487992 -157.69474993
111 -19.84478024 -157.69511198
111 -19.84458919 -157.69536807
111 -19.84445629 -157.69575662
111 -19.84428185 -157.69623347
111 -19.84411092 -157.69669172
111 -19.84389461 -157.69743272
111 -19.84350044 -157.69877674
111 -19.84329527 -157.69941491
111 -19.84320848 -157.69940426
111 -19.84305826 -157.69946814
111 -19.84299483 -157.69971656
111 -19.84281457 -157.69988691
111 -19.84270441 -157.70014597
111 -19.84248824 -157.70093172
111 -19.84249491 -157.70119433
111 -19.84239477 -157.70140017
111 -19.84224789 -157.70165568
111 -19.84219114 -157.70192185
111 -19.84212104 -157.70205315
111 -19.84198083 -157.70226608
111 -19.84195413 -157.70255709
111 -19.84199936 -157.70255997
111 -19.84198267 -157.70286871
111 -19.84183913 -157.70325554
111 -19.84157208 -157.70408596
111 -19.84108227 -157.70559199
111 -19.84074979 -157.70697176
111 -19.84052172 -157.70776733
111 -19.84023792 -157.70896679
111 -19.84007871 -157.70996021
111 -19.84013409 -157.71036494
111 -19.84024484 -157.71079174
111 -19.84052864 -157.71117439
111 -19.84081937 -157.71146874
111 -19.84089785 -157.71182515
113 -19.84089785 -157.71337784
14 -19.84140587 -157.71009903 7 0 Mitiaro/Nukuroa
1300 -19.84158742 -157.71135053 91.1 misc turboprops|props Airline Asphalt Pad
1301 A none 
1300 -19.84137315 -157.71059371 91.0 misc jets|turboprops|props|helos|fighters Gravel Apron
1301 B none 
19 -19.84051010 -157.70949620 0 New Windsock 24

1     19 0 0 NCRG Rarotonga Intl
1302 city Avarua
1302 country Cook Islands
1302 datum_lat -21.200875
1302 datum_lon -159.79495
1302 faa_code 
1302 gui_label 3D
1302 iata_code RAR
1302 icao_code NCRG
1302 region_code NC
1302 state (unassigned)
1302 transition_alt 13000
1302 transition_level 13000
100 45.00 2 0 0.25 1 3 1  08 -21.20257057 -159.81695669 124 0 3 0 0 1 26 -21.20256300 -159.79451609 102 0 3 0 0 1
110 3 0.00 0.0 New Taxiway 29
111 -21.20156211 -159.80085346
111 -21.20155621 -159.79955269
112 -21.20149034 -159.79951069 -21.20142545 -159.79951252
111 -21.20068221 -159.79952099
111 -21.20068221 -159.79980891
111 -21.20077647 -159.79980671
113 -21.20079901 -159.80084849
110 3 0.00 0.0 New Taxiway 18
112 -21.20162524 -159.81583986 -21.20168174 -159.81581906
112 -21.20165102 -159.81569838 -21.20160597 -159.81565630
114 -21.20152390 -159.81574518 -21.20151245 -159.81580805
110 2 0.00 0.0 New Taxiway 26
111 -21.20026678 -159.79930684
111 -21.20042891 -159.79930449
111 -21.20042654 -159.79911552
113 -21.20026441 -159.79911786
110 2 0.00 0.0 New Taxiway 28
111 -21.20018031 -159.79667511
111 -21.20042064 -159.79666834
112 -21.20043125 -159.79658192 -21.20044936 -159.79656160
111 -21.20048148 -159.79654747
111 -21.20048148 -159.79645208
112 -21.20043290 -159.79641940 -21.20042301 -159.79640085
111 -21.20042054 -159.79636552
111 -21.20042219 -159.79633372
113 -21.20018008 -159.79633372
110 2 0.00 0.0 New Taxiway 16
111 -21.20071989 -159.79707154
111 -21.20083944 -159.79707479
111 -21.20084260 -159.79694108
113 -21.20072305 -159.79693782
110 2 0.00 0.0 New Taxiway 16
111 -21.20072110 -159.79743772
111 -21.20084064 -159.79744097
111 -21.20084366 -159.79731345
113 -21.20072411 -159.79731020
110 2 0.00 0.0 New Taxiway 15
111 -21.20236472 -159.79795992
112 -21.20203345 -159.79811743 -21.20183708 -159.79812476
111 -21.20145970 -159.79813392
111 -21.20145800 -159.79849107
112 -21.20200272 -159.79847459 -21.20221446 -159.79847275
113 -21.20236302 -159.79867972
110 2 0.00 0.0 New Taxiway 14
111 -21.20118273 -159.79907732
111 -21.20118211 -159.79886916
111 -21.20123930 -159.79886896
111 -21.20123891 -159.79873891
111 -21.20130077 -159.79873870
111 -21.20130059 -159.79867845
111 -21.20134999 -159.79867828
111 -21.20134981 -159.79861868
111 -21.20140277 -159.79861849
111 -21.20140258 -159.79855391
111 -21.20151531 -159.79855352
111 -21.20151385 -159.79806924
111 -21.20139667 -159.79806965
111 -21.20139649 -159.79801091
111 -21.20134881 -159.79801107
111 -21.20134864 -159.79795469
111 -21.20128851 -159.79795490
111 -21.20128835 -159.79790222
111 -21.20123578 -159.79790240
111 -21.20123543 -159.79778618
111 -21.20118601 -159.79778635
111 -21.20118536 -159.79756971
111 -21.20046959 -159.79757217
113 -21.20047411 -159.79907977
110 2 0.00 0.0 New Taxiway 12
111 -21.20244540 -159.79442442
111 -21.20270397 -159.79442530
111 -21.20270412 -159.79437622
111 -21.20263227 -159.79437597
111 -21.20263237 -159.79434338
111 -21.20249856 -159.79434293
111 -21.20249846 -159.79437725
113 -21.20244554 -159.79437707
110 2 0.00 0.0 New Taxiway 10
111 -21.20236888 -159.81547837
112 -21.20233046 -159.81563536 -21.20230119 -159.81572170
112 -21.20211367 -159.81594278 -21.20200207 -159.81609584
112 -21.20191060 -159.81645494 -21.20191426 -159.81668454
112 -21.20208440 -159.81687488 -21.20216490 -159.81696515
113 -21.20236544 -159.81695675
110 2 0.00 0.0 New Taxiway 9
111 -21.20276517 -159.79599217 102
112 -21.20287039 -159.79570687 -21.20296004 -159.79560286 102
112 -21.20313567 -159.79534187 -21.20318141 -159.79526731 102
112 -21.20322144 -159.79486948 -21.20316503 -159.79469614 102
112 -21.20292997 -159.79453122 -21.20279581 -159.79451486 102
113 -21.20276074 -159.79451977
110 1 0.00 0.0 New Taxiway 23
111 -21.20025448 -159.79946778
111 -21.20048159 -159.79946778
111 -21.20057892 -159.79945679
112 -21.20066260 -159.79927913 -21.20067455 -159.79921137
111 -21.20066772 -159.79910880
113 -21.20026302 -159.79911063
110 1 0.00 0.0 asphalt_foundation
111 -21.20042165 -159.79912878
111 -21.20067801 -159.79912672 102
111 -21.20124129 -159.79912218 102
112 -21.20136703 -159.79873658 -21.20149510 -159.79860532 102
112 -21.20177970 -159.79854427 -21.20201307 -159.79854122 102
112 -21.20217918 -159.79858521 -21.20227309 -159.79862337
111 -21.20217918 -159.79858521
112 -21.20217918 -159.79858521 -21.20224740 -159.79861293 102
112 -21.20229618 -159.79867883 -21.20230978 -159.79871781
111 -21.20229618 -159.79867883
112 -21.20229618 -159.79867883 -21.20230130 -159.79869350
112 -21.20230297 -159.79872868 -21.20230258 -159.79874747
111 -21.20230297 -159.79872868
112 -21.20230297 -159.79872868 -21.20230155 -159.79879736
111 -21.20230962 -159.81544539 102
112 -21.20213283 -159.81586107 -21.20196808 -159.81605096 102
112 -21.20185473 -159.81646252 -21.20185900 -159.81673420 102
112 -21.20214469 -159.81697137 -21.20226920 -159.81701080 102
111 -21.20231070 -159.81700190
111 -21.20230241 -159.81723975
111 -21.20282902 -159.81724106
111 -21.20284082 -159.79596541
112 -21.20291049 -159.79574782 -21.20297606 -159.79566210
112 -21.20324013 -159.79528223 -21.20327702 -159.79519651
112 -21.20325038 -159.79478331 -21.20317251 -159.79462946
112 -21.20300244 -159.79450857 -21.20290818 -159.79447561
111 -21.20284261 -159.79446242
111 -21.20284466 -159.79442725
111 -21.20232009 -159.79442506
111 -21.20229982 -159.79791268 102
112 -21.20202921 -159.79806155 -21.20180722 -159.79806613 102
111 -21.20161894 -159.79806267 102
112 -21.20133507 -159.79788868 -21.20124116 -159.79773850 102
111 -21.20123945 -159.79763593 102
111 -21.20123869 -159.79697239 102
112 -21.20108842 -159.79656945 -21.20096547 -159.79646505 102
112 -21.20080656 -159.79638444 -21.20074493 -159.79635758 102
111 -21.20052762 -159.79635177
111 -21.20052125 -159.79553119
111 -21.20025458 -159.79552327
111 -21.20025362 -159.79579832
111 -21.19986312 -159.79579402
111 -21.19986588 -159.79673184
111 -21.20026082 -159.79673596
111 -21.20026116 -159.79700806
111 -21.20026131 -159.79713120
111 -21.20026210 -159.79775571
111 -21.20018416 -159.79775715
111 -21.20018803 -159.79869975
111 -21.20026328 -159.79869927
113 -21.20026382 -159.79912758
111 -21.20052186 -159.79665752
111 -21.20066940 -159.79665752
111 -21.20066940 -159.79748501
113 -21.20052186 -159.79748501
110 1 0.00 0.0 New Taxiway 19
112 -21.20156617 -159.81460717 -21.20166477 -159.81457899
112 -21.20162589 -159.81436939 -21.20155384 -159.81429189
114 -21.20140404 -159.81443280 -21.20137750 -159.81453849
110 2 0.25 0.0 concrete_1D.pol
111 -21.20318881 -159.81500426
111 -21.20318881 -159.81492509
111 -21.20284543 -159.81492509
113 -21.20284543 -159.81500598
110 2 0.25 0.0 concrete_1D.pol
111 -21.20227081 -159.79606656
111 -21.20227009 -159.79598579
111 -21.20192992 -159.79598739
113 -21.20192903 -159.79607000
110 2 0.25 0.0 concrete_1D.pol
111 -21.20007735 -159.79793633
111 -21.20007450 -159.79780431
111 -21.19989516 -159.79780706
113 -21.19989686 -159.79793792
110 1 0.25 0.0 asphalt_1D.pol
111 -21.19974064 -159.79903058
111 -21.19975728 -159.79910792
111 -21.19984325 -159.79906627
111 -21.19994032 -159.79906677
111 -21.20006651 -159.79944058
111 -21.20014166 -159.79940468
111 -21.20014496 -159.79911043
111 -21.20026302 -159.79911063
111 -21.20026328 -159.79869927
111 -21.19991413 -159.79870244
111 -21.19989686 -159.79793792
111 -21.19989516 -159.79780706
111 -21.19988661 -159.79714671
111 -21.20026131 -159.79713120
111 -21.20026116 -159.79700806
111 -21.19989265 -159.79701317
111 -21.19986960 -159.79688089
111 -21.19986315 -159.79574094
112 -21.19991073 -159.79565373 -21.19996080 -159.79562275
111 -21.20069502 -159.79505760
111 -21.20061042 -159.79489438
111 -21.20136361 -159.79437603
111 -21.20115883 -159.79405775
111 -21.20036333 -159.79460359
111 -21.20059921 -159.79504070
112 -21.19985876 -159.79558915 -21.19977209 -159.79564906
111 -21.19978767 -159.79574867
111 -21.19970947 -159.79577441
111 -21.19977934 -159.79590144
111 -21.19978360 -159.79674311
111 -21.19935367 -159.79614821
111 -21.19934164 -159.79626912
111 -21.19976680 -159.79688119
111 -21.19944111 -159.79687692
111 -21.19946161 -159.79721603
111 -21.19963111 -159.79810152
111 -21.19977669 -159.79884020
111 -21.19986544 -159.79885805
113 -21.19990981 -159.79896811
130 Airport Boundary
111 -21.20191121 -159.81721656
111 -21.20218235 -159.81727528
111 -21.20288069 -159.81726737
111 -21.20353901 -159.81725612
111 -21.20354404 -159.81249457
111 -21.20350634 -159.80490093
111 -21.20351643 -159.79955162
111 -21.20355215 -159.79835160
111 -21.20355640 -159.79574927
111 -21.20354539 -159.79439841
111 -21.20345138 -159.79433538
111 -21.20274911 -159.79435120
111 -21.20259568 -159.79428157
111 -21.20244897 -159.79423303
111 -21.20234570 -159.79425676
111 -21.20220800 -159.79432797
111 -21.20153671 -159.79434380
111 -21.20153313 -159.79400207
111 -21.20149870 -159.79391240
111 -21.20142986 -159.79388603
111 -21.20132904 -159.79386757
111 -21.20026770 -159.79463813
111 -21.20038867 -159.79492613
111 -21.20054211 -159.79503690
111 -21.19963920 -159.79571103
111 -21.19941449 -159.79589325
111 -21.19936039 -159.79669238
111 -21.19953050 -159.79795715
111 -21.19967535 -159.79872470
111 -21.19979829 -159.79918624
111 -21.19996292 -159.79959767
111 -21.20025754 -159.79952511
111 -21.20065765 -159.79951752
111 -21.20065411 -159.79983274
111 -21.20076034 -159.79983653
111 -21.20077450 -159.80088474
111 -21.20159243 -159.80089613
111 -21.20157402 -159.81263494
111 -21.20141958 -159.81352131
111 -21.20116382 -159.81436658
111 -21.20113323 -159.81453064
111 -21.20121889 -159.81483908
111 -21.20130455 -159.81524597
111 -21.20139021 -159.81607286
111 -21.20151870 -159.81666350
111 -21.20171449 -159.81697850
113 -21.20178792 -159.81710976
120 Linear Feature 31
111 -21.20098827 -159.79750289 3 102
111 -21.20099894 -159.79694961 3 102
112 -21.20091712 -159.79674865 -21.20084123 -159.79668506 3 102
115 -21.20074992 -159.79666089
120 Linear Feature 20
111 -21.20167510 -159.79812706 54 104
115 -21.20167840 -159.79847771
120 WhiteCircle
112 -21.20154785 -159.81453229 -21.20159358 -159.81451947
112 -21.20157555 -159.81442415 -21.20154213 -159.81438890
114 -21.20147266 -159.81445299 -21.20146035 -159.81450105
21 -21.20301170 -159.81496621 3 90.0 3.00 08  VASI
21 -21.20208995 -159.79602726 3 270.0 3.00 26  VASI
20 -21.20166311 -159.79796292 165.8 0 3 {@L}A{@R}08-26
20 -21.20167469 -159.79865623 188.3 0 3 {@L}A{@R}08-26
14 -21.20017336 -159.79889341 49 0 Rarotonga Intl
1300 -21.20072578 -159.79737705 0.0 tie_down jets|turboprops|props|helos|fighters Domestic Stand 1
1301 B none 
1300 -21.20073463 -159.79700663 0.0 tie_down jets|turboprops|props|helos|fighters Domestic Stand 2
1301 B none 
1300 -21.20059266 -159.79872213 0.0 gate heavy|jets|turboprops|props|helos|fighters Stand 1
1301 E airline 
1300 -21.20060186 -159.79797044 0.0 gate heavy|jets|turboprops|props|helos|fighters Stand 2
1301 E airline 
1300 -21.20030170 -159.79663644 178.4 tie_down jets|turboprops|props GA
1301 A general_aviation 
1300 -21.20004505 -159.79590438 180.2 tie_down jets|turboprops|props GA
1301 A general_aviation 
1300 -21.20024331 -159.79627388 271.1 tie_down jets|turboprops|props GA
1301 A general_aviation 
1300 -21.20004396 -159.79607806 180.4 tie_down jets|turboprops|props GA
1301 A general_aviation 
18 -21.20152782 -159.81446891 1 Rarotonga Intl
19 -21.20159793 -159.81576211 1 WS
19 -21.20177403 -159.79605331 1 WS
54 12190 TWR
54 11810 TWR
55 11810 APP
55 12190 APP
1200 
1201 -21.20018303 -159.79597430 both 0 A_stop
1201 -21.20036854 -159.79650623 both 1 A_stop
1201 -21.20036854 -159.79602062 both 2 A_split
1201 -21.20056603 -159.79649981 both 3 A_stop
1201 -21.20048712 -159.79650238 both 4 A_split
1201 -21.20083084 -159.79655758 both 5 A_stop
1201 -21.20106872 -159.79674373 both 6 A_stop
1201 -21.20110912 -159.79696518 both 7 A_stop
1201 -21.20109865 -159.79759423 both 8 A_stop
1201 -21.20110613 -159.79806922 both 9 A_stop
1201 -21.20122282 -159.79831153 both 10 A_stop
1201 -21.20167012 -159.79830340 both 11 A_start
1201 -21.20256300 -159.79451609 both 12 N_stop
1201 -21.20257057 -159.81695669 both 13 N_start
1201 -21.20255783 -159.79829355 both 14 08/26_split
1202 1 2 twoway taxiway_A A
1202 2 0 twoway taxiway_A A
1202 3 4 twoway taxiway_A A
1202 4 1 twoway taxiway_A A
1202 5 3 twoway taxiway_A A
1202 6 5 twoway taxiway_A A
1202 7 6 twoway taxiway_A A
1202 8 7 twoway taxiway_B A
1202 9 8 twoway taxiway_B A
1202 10 9 twoway taxiway_B A
1202 11 10 twoway taxiway_E A
1202 11 14 twoway taxiway_E A
1204 departure 08,26
1204 arrival 08,26
1202 13 14 twoway runway 08/26
1204 departure 08,26
1204 arrival 08,26
1204 ils 08,26
1202 14 12 twoway runway 08/26
1204 departure 08,26
1204 arrival 08,26
1204 ils 08,26

1      9 0 0 NCMH Manihiki/Fuinga-O-Niva
1302 city Manihiki Island
1302 country Cook Islands
1302 datum_lat -10.374472222
1302 datum_lon -161.003355556
1302 faa_code 
1302 gui_label 2D
1302 iata_code MHX
1302 icao_code NCMH
1302 region_code NC
1302 state (unassigned)
1302 transition_alt 13000
1302 transition_level 15000
100 35.05 5 0 1.00 0 0 0  14 -10.37408414 -161.00334656 0 0 0 0 0 0 32 -10.38714918 -160.99546002 0 0 0 0 0 0
110 2 1.00 55.2 New Taxiway 5
111 -10.37976519 -161.00161652
111 -10.37982328 -161.00159007
111 -10.37986577 -161.00159977
111 -10.37996006 -161.00153488
111 -10.37986701 -161.00139856
111 -10.37977549 -161.00146318
111 -10.37977386 -161.00153101
113 -10.37972964 -161.00156274
110 4 1.00 149.3 New Taxiway 2
111 -10.37177624 -161.00724673
111 -10.37179741 -161.00721947
112 -10.37233996 -161.00609421 -10.37236959 -161.00602534
111 -10.37241475 -161.00605547
112 -10.37264150 -161.00606869 -10.37271347 -161.00605004
112 -10.37293572 -161.00587206 -10.37299473 -161.00581337
111 -10.37307171 -161.00580815
112 -10.37376264 -161.00574498 -10.37387130 -161.00575216
111 -10.37388823 -161.00589131
112 -10.37397290 -161.00625570 -10.37397995 -161.00627866
111 -10.37400253 -161.00624423
112 -10.37389647 -161.00569940 -10.37389305 -161.00561782
112 -10.37398355 -161.00537306 -10.37405014 -161.00524634
112 -10.37433700 -161.00507276 -10.37437286 -161.00504672
112 -10.37415942 -161.00513004 -10.37398355 -161.00523593
112 -10.37386884 -161.00561621 -10.37385952 -161.00570300
111 -10.37378501 -161.00570458
112 -10.37311255 -161.00577014 -10.37298619 -161.00577188
112 -10.37274544 -161.00598192 -10.37265152 -161.00605483
112 -10.37243638 -161.00603400 -10.37240735 -161.00603400
111 -10.37237662 -161.00599407
112 -10.37238686 -161.00569029 -10.37238174 -161.00563995
111 -10.37244448 -161.00547969
112 -10.37267289 -161.00491707 -10.37271609 -161.00478150
112 -10.37275409 -161.00436526 -10.37277287 -161.00424497
111 -10.37284049 -161.00413231
111 -10.37304146 -161.00387644
112 -10.37345183 -161.00356904 -10.37360610 -161.00350139
112 -10.37405682 -161.00361824 -10.37412639 -161.00363362
112 -10.37422016 -161.00365515 -10.37425949 -161.00365207
111 -10.37431696 -161.00364900
112 -10.37425646 -161.00373818 -10.37422924 -161.00375355
111 -10.37423831 -161.00390424
112 -10.37430789 -161.00437782 -10.37433511 -161.00446085
112 -10.37445611 -161.00462076 -10.37450451 -161.00466381
112 -10.37454686 -161.00483910 -10.37455896 -161.00489445
112 -10.37457408 -161.00471609 -10.37457106 -161.00466074
112 -10.37439863 -161.00449468 -10.37433511 -161.00443932
112 -10.37428066 -161.00402109 -10.37424436 -161.00374433
111 -10.37442639 -161.00362724
111 -10.37661775 -161.00235787
111 -10.37666917 -161.00233327
111 -10.37703822 -161.00301597
111 -10.37707452 -161.00296677
111 -10.37672362 -161.00229329
112 -10.37873351 -161.00109793 -10.37883417 -161.00103244
112 -10.37895671 -161.00112321 -10.37904126 -161.00117233
112 -10.37933920 -161.00143429 -10.37941569 -161.00156527
112 -10.37938751 -161.00192138 -10.37935933 -161.00202780
112 -10.37894866 -161.00245758 -10.37892047 -161.00248214
112 -10.37923452 -161.00222427 -10.37950830 -161.00194594
112 -10.37940949 -161.00152199 -10.37936699 -161.00138475
112 -10.37949011 -161.00118727 -10.37953261 -161.00110594
112 -10.37953855 -161.00099649 -10.37952480 -161.00097133
112 -10.37939280 -161.00078961 -10.37934880 -161.00075886
112 -10.37927730 -161.00077284 -10.37929380 -161.00074768
112 -10.37949730 -161.00060230 -10.37956605 -161.00057994
111 -10.37975854 -161.00051004
111 -10.38308405 -160.99843035
111 -10.38358404 -160.99906112
111 -10.38361131 -160.99904032
111 -10.38311814 -160.99840724
111 -10.38514295 -160.99728789
111 -10.38512932 -160.99726479
111 -10.38309814 -160.99838437
111 -10.38123146 -160.99953273
111 -10.37968450 -161.00049528
112 -10.37944293 -161.00058943 -10.37931812 -161.00065082
111 -10.37919733 -161.00080227
112 -10.37436231 -161.00361462 -10.37429982 -161.00364003
112 -10.37409482 -161.00358920 -10.37401232 -161.00355108
112 -10.37361733 -161.00352567 -10.37340733 -161.00352312
111 -10.37327484 -161.00362224
112 -10.37291098 -161.00397895 -10.37270831 -161.00419422
112 -10.37269319 -161.00466165 -10.37268109 -161.00484616
112 -10.37242272 -161.00546355 -10.37231822 -161.00567042
112 -10.37235385 -161.00590122 -10.37234885 -161.00603592
111 -10.37223635 -161.00624941
113 -10.37178136 -161.00720500
111 -10.37935651 -161.00138281
112 -10.37894554 -161.00107309 -10.37892100 -161.00106686
111 -10.37884740 -161.00102944
111 -10.37918681 -161.00083820
112 -10.37931153 -161.00080287 -10.37934424 -161.00080495
112 -10.37941172 -161.00086107 -10.37944239 -161.00090264
112 -10.37949759 -161.00106686 -10.37947919 -161.00110219
114 -10.37940354 -161.00127472 -10.37937900 -161.00128096
110 2 1.00 113.8 New Taxiway 1
111 -10.37244494 -161.00669689
111 -10.37257195 -161.00640853
111 -10.37228266 -161.00628372
113 -10.37215848 -161.00656777
110 3 1.00 89.0 New Taxiway 3
111 -10.37844884 -161.00122869
112 -10.37890166 -161.00106184 -10.37904485 -161.00113193
112 -10.37934317 -161.00136593 -10.37938559 -161.00144141
112 -10.37943332 -161.00177568 -10.37943332 -161.00187812
111 -10.37948105 -161.00196977
111 -10.38008562 -161.00150072
112 -10.37977803 -161.00064348 -10.37976743 -161.00058417
112 -10.37976743 -161.00046017 -10.37976743 -161.00045477
111 -10.38774157 -160.99567840
111 -10.38763926 -160.99492719
111 -10.37385427 -161.00331382
112 -10.37374339 -161.00354418 -10.37391213 -161.00354908
114 -10.37427371 -161.00365201 -10.37435085 -161.00369612
14 -10.37936860 -161.00095619 7 0 Manihiki/Fuinga-O-Niva
15 -10.37985042 -161.00150290 74.7 New Ramp Start 5
19 -10.37521910 -161.00308534 0 New Windsock 6
19 -10.37987210 -161.00115833 0 New Windsock 7

1      6 0 0 NCPY Penrhyyn/Tongareva
1302 city Penrhyn Island
1302 country Cook Islands
1302 datum_lat -9.006061111
1302 datum_lon -158.036316667
1302 faa_code 
1302 gui_label 2D
1302 iata_code PYE
1302 icao_code NCPY
1302 region_code NC
1302 state (unassigned)
1302 transition_alt 13000
1302 transition_level 13000
100 82.91 5 0 1.00 0 0 0  14 -09.00629146 -158.03662656 0 0 0 0 0 0 32 -09.02364779 -158.02730737 0 67 0 0 0 0
110 2 0.00 0.0 Terminal
111 -09.00589192 -158.03625137
111 -09.00593949 -158.03631933
111 -09.00604148 -158.03624615
113 -09.00599391 -158.03617819
110 4 0.00 0.0 Dirt Road
111 -09.00379486 -158.03737637
111 -09.00481268 -158.03684253
112 -09.00552206 -158.03647152 -09.00566133 -158.03641423
111 -09.00592390 -158.03639073
111 -09.00592390 -158.03636283
111 -09.00587603 -158.03636283
112 -09.00554527 -158.03642745 -09.00543502 -158.03645830
111 -09.00508347 -158.03666078
113 -09.00377854 -158.03734406
110 5 1.00 151.7 Apron
111 -09.00753866 -158.03555442
111 -09.00744136 -158.03542113
111 -09.00616213 -158.03612233
113 -09.00623081 -158.03626721
110 1 1.00 151.7 Asphalt Pad
111 -09.00604788 -158.03699218
111 -09.00644236 -158.03677629
111 -09.00622859 -158.03637586
113 -09.00583411 -158.03659175
130 Airport Boundary
111 -09.02411588 -158.02756837
111 -09.02431861 -158.02747890
111 -09.02476045 -158.02752100
111 -09.02480203 -158.02703679
111 -09.02473445 -158.02653679
111 -09.02471366 -158.02608416
111 -09.02383519 -158.02672626
111 -09.02243171 -158.02749469
111 -09.02071395 -158.02838754
111 -09.02028251 -158.02854017
111 -09.02016295 -158.02849280
111 -09.02004860 -158.02858754
111 -09.01986666 -158.02880333
111 -09.01716343 -158.03026718
111 -09.01688648 -158.03041118
111 -09.01613795 -158.03088864
111 -09.01318223 -158.03232615
111 -09.01305747 -158.03225668
111 -09.01297638 -158.03231984
111 -09.01289529 -158.03243352
111 -09.01265826 -158.03264194
111 -09.01216548 -158.03279983
111 -09.01200954 -158.03282509
111 -09.01195340 -158.03293877
111 -09.01185041 -158.03311262
111 -09.00862937 -158.03477616
111 -09.00848923 -158.03479578
111 -09.00852833 -158.03452776
111 -09.00846817 -158.03442725
111 -09.00791467 -158.03470746
111 -09.00812223 -158.03507599
111 -09.00706539 -158.03559480
111 -09.00628206 -158.03601145
111 -09.00589582 -158.03613937
111 -09.00572616 -158.03616861
111 -09.00563952 -158.03613937
111 -09.00552267 -158.03636383
111 -09.00529308 -158.03651295
111 -09.00488958 -158.03672797
111 -09.00377927 -158.03732162
111 -09.00404125 -158.03778265
111 -09.00478978 -158.03730899
111 -09.00544473 -158.03710058
111 -09.00559444 -158.03714479
111 -09.00571919 -158.03724584
111 -09.00598741 -158.03721426
111 -09.00699792 -158.03675323
111 -09.00820718 -158.03606375
111 -09.01305749 -158.03355197
111 -09.01794530 -158.03092896
111 -09.02120621 -158.02920175
111 -09.02151310 -158.02921691
111 -09.02187239 -158.02897438
111 -09.02229905 -158.02862576
111 -09.02280805 -158.02840597
111 -09.02286746 -158.02848557
111 -09.02305459 -158.02838031
111 -09.02321573 -158.02829083
111 -09.02328331 -158.02818031
111 -09.02330410 -158.02812241
113 -09.02338727 -158.02805399
14 -09.00608015 -158.03625656 7 0 Penrhyyn/Tongareva
1300 -09.00640825 -158.03607018 330.3 misc jets|turboprops|props|helos|fighters Gravel Apron
1301 B none 
19 -09.00583338 -158.03711560 0 New Windsock 34

1     18 0 0 NCPK Pukapuka Island
1302 city Pukapuka Atoll
1302 country Cook Islands
1302 datum_lat -10.915294444
1302 datum_lon -165.845413889
1302 faa_code 
1302 gui_label 3D
1302 iata_code PZK
1302 icao_code NCPK
1302 region_code NC
1302 state (unassigned)
1302 transition_alt 13000
1302 transition_level 13000
100 30.00 5 0 1.00 0 0 0  07 -10.91514819 -165.84570299 0 52 0 0 0 0 25 -10.91378179 -165.83308588 0 54 0 0 0 0
110 5 0.00 0.0 New Taxiway 3
111 -10.91499068 -165.84619344
111 -10.91503456 -165.84620015
112 -10.91504772 -165.84635432 -10.91500165 -165.84640794
112 -10.91494241 -165.84641688 -10.91490073 -165.84638560
112 -10.91487659 -165.84623590 -10.91485685 -165.84611524
112 -10.91477128 -165.84575997 -10.91474495 -165.84569518
111 -10.91472082 -165.84566166
111 -10.91471643 -165.84578679
112 -10.91474934 -165.84602140 -10.91476251 -165.84611971
112 -10.91481955 -165.84634985 -10.91485465 -165.84644593
112 -10.91489195 -165.84653307 -10.91493144 -165.84653530
112 -10.91503456 -165.84651519 -10.91506527 -165.84654647
112 -10.91507405 -165.84665596 -10.91508941 -165.84669841
112 -10.91513987 -165.84672969 -10.91521227 -165.84671405
112 -10.91528028 -165.84661350 -10.91531538 -165.84653083
112 -10.91535268 -165.84635432 -10.91537243 -165.84625824
112 -10.91539656 -165.84609290 -10.91539217 -165.84603033
112 -10.91541027 -165.84559261 -10.91541027 -165.84544050
112 -10.91531593 -165.84468792 -10.91531593 -165.84445574
112 -10.91524518 -165.84395136 -10.91517443 -165.84383127
112 -10.91510368 -165.84367915 -10.91508795 -165.84363111
111 -10.91500148 -165.84336691
111 -10.91388662 -165.83313206
112 -10.91391822 -165.83282908 -10.91392348 -165.83276473
112 -10.91386556 -165.83250465 -10.91383133 -165.83246175
112 -10.91375762 -165.83235718 -10.91371023 -165.83234646
112 -10.91360492 -165.83235182 -10.91357859 -165.83238131
112 -10.91347855 -165.83248052 -10.91345222 -165.83254219
112 -10.91334622 -165.83275401 -10.91327356 -165.83282801
112 -10.91315350 -165.83293097 -10.91306188 -165.83294706
112 -10.91296939 -165.83291524 -10.91291758 -165.83287800
112 -10.91287797 -165.83277094 -10.91284598 -165.83277404
112 -10.91270120 -165.83301775 -10.91266463 -165.83307981
112 -10.91266651 -165.83319115 -10.91264518 -165.83323459
111 -10.91261718 -165.83326862
111 -10.91265603 -165.83332395
111 -10.91277738 -165.83320394
112 -10.91290797 -165.83323229 -10.91299898 -165.83329541
112 -10.91301048 -165.83339790 -10.91302877 -165.83341807
112 -10.91312323 -165.83346462 -10.91315979 -165.83351737
112 -10.91339246 -165.83384328 -10.91343817 -165.83386655
112 -10.91350368 -165.83395189 -10.91351740 -165.83397672
112 -10.91366263 -165.83428141 -10.91372662 -165.83449088
112 -10.91376331 -165.83513549 -10.91380281 -165.83527759
112 -10.91395003 -165.83663627 -10.91396583 -165.83688724
112 -10.91414634 -165.83843829 -10.91415999 -165.83865142
114 -10.91451648 -165.84167253 -10.91452027 -165.84173817
130 Airport Boundary
111 -10.91472592 -165.84604037
111 -10.91482950 -165.84659351
111 -10.91490033 -165.84655376
111 -10.91499723 -165.84652955
111 -10.91503745 -165.84657052
111 -10.91505208 -165.84668968
111 -10.91509047 -165.84674554
111 -10.91530255 -165.84674740
111 -10.91536289 -165.84653328
111 -10.91539763 -165.84635266
111 -10.91549818 -165.84618323
111 -10.91549635 -165.84591696
111 -10.91548618 -165.84532468
111 -10.91539065 -165.84423588
111 -10.91503039 -165.84114088
111 -10.91464562 -165.83750777
111 -10.91431071 -165.83433090
111 -10.91432255 -165.83409415
111 -10.91432255 -165.83398914
111 -10.91423918 -165.83370090
111 -10.91409128 -165.83312019
111 -10.91389414 -165.83245224
111 -10.91372733 -165.83220514
111 -10.91359464 -165.83232483
111 -10.91348470 -165.83239432
111 -10.91342025 -165.83253718
111 -10.91325344 -165.83262598
111 -10.91315108 -165.83246382
111 -10.91296531 -165.83261054
111 -10.91272647 -165.83284606
111 -10.91269235 -165.83295030
111 -10.91256345 -165.83319741
111 -10.91267339 -165.83335571
111 -10.91280229 -165.83322443
111 -10.91291982 -165.83328235
111 -10.91306388 -165.83349470
111 -10.91336338 -165.83398890
111 -10.91350365 -165.83486148
111 -10.91357948 -165.83557576
111 -10.91394147 -165.83948863
111 -10.91435230 -165.84290356
111 -10.91457522 -165.84462247
111 -10.91466166 -165.84486802
111 -10.91471625 -165.84521551
113 -10.91467986 -165.84551203
14 -10.91291632 -165.83300477 7 0 Pukapuka Island
1300 -10.91337910 -165.83361865 143.1 misc jets|turboprops|props|helos|fighters Gravel 1
1301 A none 
1300 -10.91329911 -165.83349969 143.1 misc jets|turboprops|props|helos|fighters Gravel 2
1301 A none 
1300 -10.91321912 -165.83338590 143.1 misc jets|turboprops|props|helos|fighters Gravel 3
1301 A none 
1300 -10.91305407 -165.83319841 200.9 misc jets|turboprops|props|helos|fighters Terminal
1301 B none 
19 -10.91484394 -165.84615566 0 Windsock 07
19 -10.91427916 -165.83403993 0 Windsock 25
99
